3250: 30, 27, 25, 22
2750: 27, 25, 22

3250: 30, 27, 25, 22
2750: 30, 27, 25, 22
2250: 32, 30, 27, 25, 22

3250: 30, 27, 25
2750: 27, 25

3250: 30, 27, 25
2750: 27, 25

3250: 30, 27, 25
2750: 27

3250: 30, 27, 25, 22
2750: 22

3250: 30, 27, 25, 22
2750: 30, 27, 25, 22
2250: 30, 27, 25

3250: 30, 27, 25
2750: 30, 27, 25
2250: 27

3250: 30, 27, 25, 22
2750: 30, 27, 25, 22
2250: 27, 25, 22
1750: 27, 25, 22 

3250: 32, 30, 27, 25
2750: 32, 30, 27, 25

(3250, 32) - 1
(3250, 30) - 10
(3250, 27) - 10
(3250, 25) - 10
(3250, 22) - 5

(2750, 32) - 1
(2750, 30) - 5
(2750, 27) - 9
(2750, 25) - 8
(2750, 22) - 5

(2250, 32) - 1
(2250, 30) - 2
(2250, 27) - 4
(2250, 25) - 3
(2250, 22) - 2

(1750, 27) - 1
(1750, 25) - 1
(1750, 22) - 1

(1250, 22) - 1
